6
13
18
24
41
42
47
48
54
55
57
63
90
108
120
121
123
138
144
171
194
196
218
271
281
283
288
300
303
335
356
358
383
400
402
403
411
421
423
425
463
474
483
502
510
513
522
533
538
539
540
544
558
559
560
586
630
646
648
649
673
689
696
701
709
724
737
742
775
778
779
787
790
796
800
802
803
804
808
810
820
827
829
830
832
849
864
885
889
907
910
912
924
933
957
963
975
986
990
1003
1008
1009
1024
1040
1050
1065
1067
1077
1084
1107
1108
1110
1122
1129
1139
1146
1163
1180
1184
1189
1207
1209
1219
1258
1267
1283
1285
1288
1291
1295
1307
1328
1334
1354
1359
1372
1409
1415
1430
1438
1440
1443
1444
1458
1475
1478
1492
1497
1500
1501
1523
1527
1530
1532
1533
1542
1566
1576
1606
1609
1614
1620
1641
1670
1675
1676
1677
1693
1705
1727
1745
1752
1753
1756
1768
1777
1787
1788
1789
1792
1793
1798
1800
1812
1818
1830
1838
1844
1850
1852
1861
1867
1883
1884
1918
1921
1929
1932
1936
1971
1981
1990
1995
2004
2007
2033
2041
2044
2062
2076
2079
2080
2087
2090
2091
2093
2098
2114
2121
2126
2133
2136
2138
2163
2177
2191
2193
2202
2205
2217
2224
2230
2237
2247
2269
2291
2315
2317
2340
2343
2346
2349
2354
2372
2377
2378
2387
2393
2408
2436
2467
2470
2476
2484
2491
2507
2514
2533
2535
2537
2538
2540
2543
2546
2550
2557
2561
2567
2575
2589
2595
2610
2619
2626
2641
2678
2682
2693
2698
2702
2704
2708
2719
2737
2741
2742
2744
2759
2760
2764
2772
2784
2789
2791
2799
2812
2816
2826
2833
2846
2854
2860
2867
2868
2869
2870
2875
2878
2894
2902
2907
2927
2936
2938
2948
2957
2966
2971
2975
2983
2988
2993
3012
3019
3037
3068
3074
3101
3117
3118
3119
3161
3164
3181
3185
3193
3196
3205
3210
3226
3235
3245
3253
3254
3259
3274
3281
3291
3297
3299
3301
3309
3321
3325
3331
3338
3339
3349
3368
3372
3390
3395
3402
3416
3417
3423
3428
3436
3440
3446
3454
3455
3462
3474
3476
3480
3484
3488
3506
3508
3511
3517
3520
3535
3558
3569
3583
3586
3608
3610
3626
3629
3639
3645
3662
3663
3669
3673
3675
3692
3693
3708
3760
3769
3771
3786
3791
3796
3814
3845
3847
3848
3856
3869
3889
3901
3944
3961
3963
3982
4008
4012
4014
4017
4023
4034
4038
4052
4056
4070
4085
4090
4091
4109
4113
4116
4122
4138
4154
4168
4183
4186
4189
4196
4198
4209
4211
4220
4228
4237
4242
4257
4293
4306
4342
4351
4356
4367
4370
4372
4375
4376
4378
4398
4418
4425
4426
4431
4453
4455
4471
4482
4491
4493
4511
4518
4521
4525
4526
4549
4583
4588
4598
4604
4608
4616
4620
4633
4634
4647
4656
4677
4679
4700
4703
4719
4727
4730
4732
4748
4755
4771
4776
4777
4806
4811
4819
4830
4841
4853
4880
4888
4895
4896
4902
4930
4931
4971
4976
5005
5012
5016
5026
5064
5087
5096
5111
5118
5123
5127
5131
5132
5150
5151
5165
5166
5184
5189
5204
5215
5219
5226
5238
5240
5248
5252
5281
5290
5294
5296
5299
5309
5333
5340
5343
5370
5384
5386
5406
5410
5415
5417
5444
5471
5506
5527
5531
5535
5537
5540
5550
5554
5571
5574
5575
5576
5584
5603
5609
5618
5634
5638
5639
5647
5656
5660
5686
5707
5712
5715
5717
5724
5727
5746
5758
5762
5773
5781
5817
5818
5824
5825
5836
5847
5862
5867
5871
5889
5892
5901
5903
5913
5922
5926
5933
5967
5979
5990
5992
6011
6018
6019
6023
6026
6028
6041
6063
6069
6073
6081
6097
6106
6126
6133
6146
6156
6177
6209
6210
6227
6228
6230
6236
6265
6296
6305
6315
6317
6323
6327
6334
6341
6359
6362
6369
6388
6390
6392
6408
6412
6414
6427
6445
6448
6461
6467
6469
6477
6484
6488
6499
6502
6520
6542
6547
6549
6558
6583
6593
6606
6614
6616
6621
6626
6628
6634
6638
6648
6660
6685
6691
6704
6738
6744
6757
6772
6774
6799
6801
6802
6805
6816
6836
6843
6856
6857
6884
6886
6901
6917
6921
6927
6944
6946
6956
6963
6970
6976
6996
7008
7009
7026
7037
7038
7047
7056
7068
7074
7089
7098
7106
7116
7135
7136
7146
7151
7165
7166
7178
7184
7194
7209
7211
7216
7217
7258
7275
7279
7298
7303
7308
7330
7332
7336
7340
7363
7380
7397
7410
7449
7452
7465
7466
7477
7480
7521
7522
7525
7542
7552
7555
7576
7586
7589
7596
7616
7633
7635
7644
7653
7658
7661
7662
7664
7688
7696
7713
7714
7739
7741
7745
7761
7766
7783
7797
7807
7840
7844
7850
7853
7858
7868
7877
7878
7882
7888
7890
7897
7905
7919
7929
7942
7948
7951
7952
7962
7974
8010
8016
8017
8019
8024
8025
8032
8037
8043
8055
8065
8077
8081
8092
8100
8112
8121
8144
8148
8157
8165
8166
8169
8172
8173
8178
8182
8186
8192
8195
8218
8219
8234
8237
8264
8275
8280
8304
8314
8321
8322
8324
8333
8340
8341
8347
8362
8366
8377
8395
8411
8418
8438
8440
8454
8459
8477
8482
8485
8518
8528
8530
8534
8536
8543
8585
8610
8616
8627
8634
8641
8669
8676
8682
8706
8713
8726
8736
8740
8750
8767
8770
8776
8780
8789
8798
8800
8819
8843
8844
8862
8865
8871
8874
8881
8888
8936
8957
8967
8990
9001
9002
9011
9016
9033
9038
9047
9053
9067
9078
9089
9093
9101
9114
9137
9144
9150
9151
9162
9168
9172
9175
9191
9194
9199
9203
9215
9217
9227
9240
9249
9255
9272
9290
9297
9299
9313
9319
9330
9333
9341
9348
9350
9354
9368
9386
9403
9404
9408
9420
9424
9437
9440
9446
9448
9455
9463
9475
9484
9498
9503
9518
9519
9520
9523
9526
9552
9553
9556
9558
9559
9577
9579
9580
9585
9588
9589
9597
9603
9629
9631
9635
9639
9659
9660
9678
9712
9716
9733
9734
9740
9757
9763
9790
9798
9802
9803
9827
9858
9876
9896
9900
9903
9916
9917
9921
9933
9940
9952
9954
9979
9986
9989
9991
9992
